id's aleatorios para relizar la busqueda por ID.

        782585, 716426,  715497, 715415, 716406, 644387, 715446,
        782601, 795751,  766453, 716627, 664147, 640941, 715495,
        794349, 716381,  660306, 756814, 715769, 642129, 642605,
        636589, 646738,  715540, 663559, 662670, 640062, 715421,
        648320, 716432,  798400, 782600, 652417, 639535, 729366,
        661925, 794538,  649931, 636787, 641975, 652423, 715447,
        716311, 715543,  157344, 658509, 716195, 716361, 765011,
        660228, 716408,  661340, 782622, 715424, 659135, 639851,
        664547, 633921,  658579, 715385, 641057, 655575, 632269,
        637162, 982371, 1095753, 660405, 715523, 632252, 639891,
        646651, 716330,  640318, 642085, 716437, 664090, 636602,
        716276, 649944,  646043, 634437, 655235, 652393, 640828,
        769774, 715533,  639411, 636228, 661259, 664680, 715391,
        636230, 632812,  633942, 632347, 975070, 649886, 659927,
        716217, 636608


